5
95
0 50073 2640 1430 2523 6630 24552 20267 27999 13461 24302 20514 17222 60720 13783 5434 52981 50898 36352 31487 6851 58339 20280 8478 62559 51210 47106 48714 18491 61065 49519 13547 45601 52158 14976 48124 58787 39527 2854 21249 52987 27155 41762 4672 22338 55544 10105 9782 40905 46457 41269 47755 39259 61548 56232 36281 47221 37801 19458 175 33330 3440 13721 13394 55597 28696 61517 48848 2687 64371 4560 55673 25989 46322 60345 48327 36329 4913 58108 11698 51369 33840 59452 25091 29851 50148 61371 11536 22412 15292 11710 55741 18731 25431 3599
50073 0 8792 54126 65115 57639 56812 63949 62198 46949 24402 42983 41757 7192 13776 46669 65299 25473 32502 33603 19388 57592 63453 3999 53427 9452 26411 3182 21162 16615 21913 46592 20213 30704 35181 19792 22806 26457 18204 19467 7869 42605 62450 49625 49796 10689 30757 49559 36161 63258 17625 55548 55314 15541 59547 43204 24993 20421 46385 46154 37035 2761 27209 57248 33464 62389 11503 56269 23309 29706 10200 31177 6775 7113 15265 56570 17801 46022 40592 53961 43743 58216 43972 33520 8221 37982 11187 33213 58402 57572 13830 29901 60332 41038 21612
2640 8792 0 28260 37890 33114 18992 61199 62819 29191 26839 4057 36303 42104 60627 54103 22589 35682 42527 795 28362 20963 34315 36582 58944 45501 4258 51810 37536 18087 16174 32332 59124 37785 60591 31477 5362 14046 27139 2644 43237 53978 6701 14003 30545 1791 2570 53133 37472 45096 53927 297 522 22705 36878 59466 2670 41135 45739 40205 59221 61912 7000 52808 34160 2054 18749 39521 16100 45887 42164 59336 34328 48864 7802 64872 50654 10371 52468 22590 55467 40859 22886 55988 63563 59764 49917 696 35362 30119 40901 29047 26494 47900 16318
1430 54126 28260 0 60653 49954 35066 34637 517 15417 11265 59852 49744 60128 2117 49080 45246 12488 36011 2299 2418 11333 25184 58405 9360 19411 42786 10055 54773 7368 50955 18283 33862 33319 34600 28978 17736 4130 63615 18252 19546 9343 12567 3753 3934 14683 52832 49179 27170 23307 51477 29587 34639 11125 22456 43998 30535 65241 54053 19771 7072 39471 38053 40933 7253 7117 4375 24988 11246 2453 43239 30791 11795 55805 34543 15728 4952 21839 64907 32121 45145 50847 61708 14247 61971 18627 58245 26970 18331 46761 46740 25402 20695 19257 799
2523 65115 37890 60653 0 27948 26373 5173 52935 37618 7625 30638 2872 19419 20906 37414 35146 25857 59252 34516 57978 38860 19827 54149 53107 16261 7239 45815 43230 25569 27039 24434 50970 47733 43690 51768 10144 4526 56940 63079 42143 64564 28180 45014 18446 49085 16891 53592 9406 10607 22571 1847 49466 42397 55995 37036 58658 63233 17314 36351 23265 44352 60784 8698 26549 38937 60466 36692 43462 51869 34234 20068 50897 62413 65081 3806 45962 16436 57397 55367 27042 14432 57213 10971 56828 47671 48007 49949 45367 65320 20764 3095 44136 16011 11792
6630 57639 33114 49954 27948 0 5148 54948 6721 41839 32873 58590 10537 52941 43950 7413 52485 47755 53374 3384 39616 43204 30425 54047 34880 41396 45338 17014 23866 29751 62380 23649 50514 65474 2248 988 11730 7395 55935 18450 49234 23272 11503 59770 10676 55452 1646 63160 37671 55020 1008 11750 32687 31432 260 2031 7291 45597 19044 31156 9811 15888 54805 60324 15825 57052 61312 27554 64447 51710 46004 48144 9445 57506 42377 20120 47422 44022 17744 19556 33505 18751 31305 656 50182 31564 2686 57473 11624 21729 23092 21435 37616 12360 16222
24552 56812 18992 35066 26373 5148 0 53441 3876 11997 15458 2786 63707 61461 50929 7615 53431 27769 27735 35316 6254 45478 54871 39759 64228 20639 40414 48873 52202 43099 40809 63825 64827 63901 19723 36907 10724 35945 24811 14599 47941 40268 17384 46111 36193 2776 53726 24087 30544 15924 59402 36798 61401 48736 11020 60092 3838 51433 43428 56039 28995 18701 54327 28285 17065 8514 65191 27788 44458 24465 42387 26862 64733 59770 7437 35389 62546 61162 59475 27553 11549 53340 64350 7413 36539 9833 1968 40376 61265 45395 30878 24723 64095 19668 53008
20267 63949 61199 34637 5173 54948 53441 0 15623 28181 52662 43411 7102 11591 20261 33964 10787 14494 41400 46175 11503 37025 40113 39056 48573 27916 37869 55985 64454 47702 57952 39293 43430 37810 4634 2617 36369 24301 55624 51991 52482 42749 29865 59583 54339 50125 28010 65125 64619 3873 45763 10585 40897 20339 49640 23933 48254 21973 14381 47171 4138 6796 20927 47567 44606 25560 50183 15438 49861 40270 1892 36806 17483 31757 30852 6285 16345 58862 5874 15427 62734 51636 26012 38095 6439 10115 62027 54692 32087 10872 36327 36224 17667 57253 18255
27999 62198 62819 517 52935 6721 3876 15623 0 62272 17277 2901 12173 1601 43171 14065 38406 60653 45821 3721 1401 62165 62582 7274 12056 59780 58910 38067 32338 65348 48181 28828 54503 14732 39699 25293 50955 57366 17010 3673 54101 34286 6574 738 35886 49744 14802 8755 44860 60622 12475 46260 57250 9521 53534 3769 3764 46907 41835 36101 46718 24480 64928 35684 39211 39091 60977 24629 30920 12450 28302 19484 46735 34875 20221 17084 19082 35022 25838 63941 30107 38312 44664 21821 47832 32661 25589 51595 14031 1888 22159 60748 26367 21551 30896
13461 46949 29191 15417 37618 41839 11997 28181 62272 0 41 60641 26336 24669 26024 38785 52970 45507 19983 22308 192 37066 41389 35213 62903 39793 65320 35678 18921 21604 17974 51581 47192 4032 76 49079 26191 60823 9909 47741 26182 9949 42845 52517 34618 3332 25765 22051 48838 45747 44359 49029 17276 20211 18706 14642 60004 18489 50320 13388 40092 2757 64968 21747 6788 65043 5290 32978 60330 15198 15182 20975 25147 58026 7956 59764 61357 33720 16278 44659 13931 60636 28151 31206 15311 46856 45848 9778 65344 30631 23165 39899 33387 22596 61646
24302 24402 26839 11265 7625 32873 15458 52662 17277 41 0 40174 22103 1399 7616 16896 16596 22797 37870 41742 15287 45825 35969 11107 14009 52247 55765 27939 47346 18380 59144 62656 65235 39455 6897 65043 4549 30061 39405 37935 52657 35514 12573 9223 36912 20188 26118 53508 42984 63987 29713 58270 44276 146 3841 58284 52392 59605 20686 34201 12448 14293 31321 12147 53748 38217 11653 58296 2742 51057 30695 55398 21035 43267 64620 57946 63454 25201 45917 40901 23651 10094 33635 2390 10239 37475 60673 62630 31543 15822 31294 43991 30115 62614 56137
20514 42983 4057 59852 30638 58590 2786 43411 2901 60641 40174 0 18326 35295 2253 11085 38036 53309 41779 27897 8807 19509 26980 1217 17426 52180 47133 58327 10294 57226 26425 12684 1928 63899 7820 64557 29905 23642 30315 8359 53756 27392 64495 6545 62686 1211 17629 35185 54520 59408 63081 63326 13380 24524 64542 30806 11167 46139 23596 21461 37828 50020 34144 39756 48382 41963 38776 12750 68 3554 21109 53823 30946 20067 60367 28095 21278 12460 63280 10261 6331 60824 8050 19710 19812 7056 50515 30978 53194 8574 52438 25485 58593 21045 65240
17222 41757 36303 49744 2872 10537 63707 7102 12173 26336 22103 18326 0 41438 63008 38480 54188 63075 42033 9760 51362 7442 29826 46192 35537 51103 58651 33280 61363 64981 28567 3877 19155 48378 10932 4133 13820 64125 12707 721 24073 5763 21766 23777 47201 19237 62256 35852 16775 38752 45611 2600 46194 9900 48792 16194 61003 41906 49473 56829 41351 12503 60705 60505 60881 6100 64637 9164 4688 11807 9884 28761 17570 31649 52537 64770 50885 49256 35085 2124 22471 15159 4723 3128 25058 53514 19321 20524 29884 3257 11817 5698 15760 6985 666
60720 7192 42104 60128 19419 52941 61461 11591 1601 24669 1399 35295 41438 0 11104 13085 65302 20267 17772 11573 30150 46532 29142 61799 33532 28375 47147 17251 63459 49270 39722 13081 53993 42849 38138 41970 62170 58662 6317 65426 4942 12014 15649 11926 12679 26752 25010 12445 47018 42782 24017 11632 23777 53158 7894 57309 15996 55040 9023 13918 38774 48744 26998 27230 26057 65135 3663 22690 58260 9980 22579 63201 21993 38228 9591 34672 64979 34600 47116 46461 11845 5596 58092 35622 58753 449 27394 9212 55488 36416 23129 28725 19624 50126 55954
13783 13776 60627 2117 20906 43950 50929 20261 43171 26024 7616 2253 63008 11104 0 45680 49724 59617 2833 42448 4060 25411 40112 26052 63638 49702 60723 63081 18766 42302 44005 30610 47897 36560 695 41113 37008 28088 50324 26959 64504 7916 55684 18591 58041 46101 64270 42229 40181 1566 19140 44240 26976 59251 4756 25078 43417 65478 22622 62182 42244 1090 27255 24604 37649 27950 181 9120 56037 50504 36078 55004 58420 26225 8058 50924 6790 6791 27616 46970 8356 46755 25674 35332 40470 30429 60409 18350 30370 17494 14995 7077 18583 42249 31681
5434 46669 54103 49080 37414 7413 7615 33964 14065 38785 16896 11085 38480 13085 45680 0 56231 4662 31861 65350 60699 16828 35891 50166 9711 62116 58224 60635 3369 65014 22714 50338 7834 3933 10475 43165 44402 40903 38037 62751 5737 55530 12209 12813 8576 54457 44493 64806 59119 10817 64619 54281 27645 34973 38910 37355 31552 31597 32453 34920 31075 55167 19722 38908 59099 30196 16536 37964 5563 54572 35178 11299 44565 47386 24111 53140 36306 3068 52409 29888 13884 51491 18632 41528 20927 57542 13347 52479 23602 45799 21862 54676 35429 41583 28047
52981 65299 22589 45246 35146 52485 53431 10787 38406 52970 16596 38036 54188 65302 49724 56231 0 28991 6243 44582 1418 11805 33617 36595 23103 12645 18444 47213 248 54750 50280 52656 19101 64164 38610 37733 40155 59537 29738 53501 46479 53339 33764 2804 42479 3656 44387 4989 32647 50629 49571 34064 62433 17651 5123 19999 30296 23566 1675 30543 12779 51955 17663 31880 50582 56272 4076 25200 50272 33813 13165 31214 21615 46928 34018 64093 50583 12868 3546 17693 63496 53116 51757 60392 5230 56879 14854 35525 14908 16528 532 27687 2946 18194 59566
50898 25473 35682 12488 25857 47755 27769 14494 60653 45507 22797 53309 63075 20267 59617 4662 28991 0 53527 8929 63641 13191 59201 31917 26355 24878 53531 7746 58895 52088 58328 6226 55633 10485 4185 43212 62241 64576 48441 53583 13893 18430 2954 30421 18961 30640 33366 37154 24669 21357 46082 22773 34547 39746 54689 60901 64624 42684 3110 57982 29235 61437 64208 19331 6385 2856 62542 3089 1896 45446 56671 15788 63875 59625 46208 17299 24728 14038 54452 49397 35394 34998 6633 4404 9207 61322 65304 8294 38469 2877 740 2167 64313 64947 21497
36352 32502 42527 36011 59252 53374 27735 41400 45821 19983 37870 41779 42033 17772 2833 31861 6243 53527 0 5162 2266 18502 8250 4161 63947 64921 19949 62286 59009 620 14048 18200 14657 2964 2060 50050 37961 8693 54453 47167 4478 54220 55461 42946 57096 56200 45112 55873 55610 1072 61034 57875 19573 3747 62036 17983 3131 16448 14732 62139 17067 28780 14803 31724 31743 16862 16237 4167 25554 5154 51333 30031 59373 41257 7440 50933 31920 52551 41269 21993 53622 36766 14332 7658 40512 10831 25641 43643 27278 40372 40245 44344 3615 55047 10531
31487 33603 795 2299 34516 3384 35316 46175 3721 22308 41742 27897 9760 11573 42448 65350 44582 8929 5162 0 35357 6373 26768 39523 31926 31921 25320 61957 25757 1040 3860 11153 32960 56411 52421 54952 44496 23650 3747 52154 64162 14577 12258 42268 41854 52629 16976 20662 56244 6487 31192 26064 12859 57959 51 44784 24343 25370 41204 50100 26409 45064 61252 59368 35938 48137 48784 14897 6250 52530 1514 4875 1571 13771 47142 43424 864 64118 64085 57107 5068 29741 17634 17926 22163 17684 62709 46506 43053 38377 31069 3926 17904 26784 63293
6851 19388 28362 2418 57978 39616 6254 11503 1401 192 15287 8807 51362 30150 4060 60699 1418 63641 2266 35357 0 53841 9384 46540 3201 15634 33534 4715 20508 35104 18485 2114 12991 19348 695 11540 10918 5762 41280 28552 23687 63442 46235 20859 44411 23752 59235 9943 27677 11602 36727 25433 65442 46110 6437 3107 61743 39970 7821 16715 9537 26305 18828 22527 45653 19522 34066 56570 25283 9809 19585 48969 7715 284 4291 52125 24035 63526 62068 51711 9591 33258 11607 9497 13831 18043 12603 10038 58012 20423 26752 2012 46727 45579 24539
58339 57592 20963 11333 38860 43204 45478 37025 62165 37066 45825 19509 7442 46532 25411 16828 11805 13191 18502 6373 53841 0 26843 65100 58604 17877 24846 2877 37461 8278 10591 37744 12568 62715 61778 10557 59246 47952 20148 26967 59559 29644 40798 12065 42246 50835 4541 62668 12050 6552 43858 57628 31090 5165 57191 24158 23041 16500 27034 60501 24777 37624 32709 37344 34802 28950 47901 28512 11366 2512 55478 5388 32155 30739 17452 8864 16037 21992 5995 28086 28544 49852 20177 59633 55016 11831 18254 12520 28330 45287 7485 53106 17374 40193 24914
20280 63453 34315 25184 19827 30425 54871 40113 62582 41389 35969 26980 29826 29142 40112 35891 33617 59201 8250 26768 9384 26843 0 52176 3606 7278 15151 14971 9789 5092 20358 41943 35831 37810 50806 51867 59801 56800 14417 22808 41115 34593 16905 30595 46424 35158 43114 9217 14909 50598 62323 32282 25254 21700 18921 28860 28977 34071 43830 38765 39163 64188 15171 9457 36461 440 61323 30725 57239 10203 53533 32817 44796 4901 63411 25683 40058 40989 34899 54966 26050 31685 21712 51304 53384 40632 14627 16824 9167 58456 55588 48329 57107 5222 57785
8478 3999 36582 58405 54149 54047 39759 39056 7274 35213 11107 1217 46192 61799 26052 50166 36595 31917 4161 39523 46540 65100 52176 0 28031 5661 53571 58756 62899 63774 46752 30180 43033 51652 28054 3179 26173 3506 38077 15603 29556 4226 37314 15323 57609 12409 29949 8897 21575 22868 64484 4367 14439 4170 62151 42469 9830 50186 35688 7193 48423 16903 37372 25919 3018 65425 29097 29191 3395 1637 44793 32950 5862 16570 48272 63471 28978 12684 6831 50553 35551 5778 54919 49989 9947 51534 26922 19777 36183 62609 26969 19069 13976 64340 44987
62559 53427 58944 9360 53107 34880 64228 48573 12056 62903 14009 17426 35537 33532 63638 9711 23103 26355 63947 31926 3201 58604 3606 28031 0 16993 64228 8547 46183 2086 10183 25439 35035 16045 42008 17770 13979 5450 30453 20809 56002 468 26586 45384 50456 36533 31381 11841 56309 2027 8914 17741 21095 22889 16544 545 39881 15235 9091 20528 17321 19274 45966 52355 35318 22438 4589 49296 27887 35041 4568 18352 35508 31153 63735 20428 2149 29580 32268 58457 31606 41181 10661 52701 64069 27204 53245 38414 42439 62336 58941 59759 16073 39370 46577
51210 9452 45501 19411 16261 41396 20639 27916 59780 39793 52247 52180 51103 28375 49702 62116 12645 24878 64921 31921 15634 17877 7278 5661 16993 0 51390 61807 51165 35149 24157 20670 39716 42508 56177 5332 40707 11068 7481 4750 43336 401 36355 18980 11062 23519 17513 38265 11228 55926 15167 8027 49330 9389 24099 23163 55966 9952 19434 41594 45100 43590 62263 19279 20562 52904 24610 61268 63971 32090 481 41770 32491 36835 60750 43552 60354 12726 16280 6045 3115 31447 14071 52444 40835 38169 10070 31264 48120 29503 7322 27683 7557 4048 46961
47106 26411 4258 42786 7239 45338 40414 37869 58910 65320 55765 47133 58651 47147 60723 58224 18444 53531 19949 25320 33534 24846 15151 53571 64228 51390 0 28118 56951 6034 23849 55386 38124 24329 31619 5078 61163 26832 48629 55980 39557 64908 62024 42671 30818 10558 29578 6117 48726 39648 37380 31309 3614 44701 58991 11170 48749 40415 39287 40163 46449 63135 30012 19036 21927 61631 24113 17554 22926 7205 7997 62483 6576 4485 39617 37394 15042 3659 43510 63768 43306 15353 29540 46919 60054 22995 58089 43266 63409 31839 17892 44321 29438 47904 63356
48714 3182 51810 10055 45815 17014 48873 55985 38067 35678 27939 58327 33280 17251 63081 60635 47213 7746 62286 61957 4715 2877 14971 58756 8547 61807 28118 0 51364 43998 21932 3381 1387 29136 11378 63869 35712 15862 37950 7569 30903 41608 51078 29134 19377 894 58674 759 60947 16132 58847 38676 14004 25150 56568 58325 54587 38935 56144 40414 17396 12540 43795 18782 41675 55172 17115 11850 5497 55064 19418 36399 31135 4959 65533 50511 5853 58670 51269 1263 9265 44580 39939 23268 4193 30970 16056 58779 4368 6664 33656 21763 19203 11914 40544
18491 21162 37536 54773 43230 23866 52202 64454 32338 18921 47346 10294 61363 63459 18766 3369 248 58895 59009 25757 20508 37461 9789 62899 46183 51165 56951 51364 0 60877 1549 57658 7191 7045 47185 26608 43444 12783 31567 43440 63293 37419 36573 49026 38681 45837 28069 13083 3568 32261 44052 19624 25503 48419 26287 59158 4645 45489 5536 45189 40829 7084 37310 48019 14129 18959 9091 57572 31741 40657 35475 29498 12539 6511 12987 51219 52347 41055 64302 55914 7779 42817 10001 33281 25700 36287 26902 30344 16239 32437 9996 57068 39521 47306 39550
61065 16615 18087 7368 25569 29751 43099 47702 65348 21604 18380 57226 64981 49270 42302 65014 54750 52088 620 1040 35104 8278 5092 63774 2086 35149 6034 43998 60877 0 53649 728 48640 45684 32468 23760 15622 61965 36298 22132 9415 21981 8942 50469 20746 64855 58247 63562 9320 25991 23725 45606 52893 54069 61845 19793 64064 53376 59313 45833 27389 47425 46560 10493 27572 13492 34252 43193 9920 5014 65324 19335 26994 8729 4267 47739 8048 62514 45764 17367 22968 3953 62972 10324 58021 59280 30117 56548 47119 23893 36845 8972 5782 17868 19464
49519 21913 16174 50955 27039 62380 40809 57952 48181 17974 59144 26425 28567 39722 44005 22714 50280 58328 14048 3860 18485 10591 20358 46752 10183 24157 23849 21932 1549 53649 0 33353 31359 53715 11010 41279 58728 10797 60613 20185 19526 64879 2387 27573 61856 48151 44939 19288 52103 42374 29611 44587 36118 59727 35598 17700 18084 6906 26671 23865 24774 46134 57217 56132 34313 2690 31874 27504 13487 26950 47689 33012 26293 50075 60584 22612 32689 39986 41899 19255 16823 5974 63841 52940 164 33903 5104 18247 40808 31774 42111 45 12372 33792 56177
13547 46592 32332 18283 24434 23649 63825 39293 28828 51581 62656 12684 3877 13081 30610 50338 52656 6226 18200 11153 2114 37744 41943 30180 25439 20670 55386 3381 57658 728 33353 0 46684 36481 22514 8651 49967 49464 56339 17442 10220 40878 12489 32831 8030 52474 9194 27285 3761 15167 25589 56700 15330 59491 61803 33577 34763 28041 10151 34807 40412 43942 25447 21559 14887 47961 30209 64853 31888 21012 16759 42107 61889 29247 9401 4382 16185 18594 31666 19945 33760 57255 11108 49090 51209 7375 17130 20435 35415 27280 55242 10290 5686 15152 31848
45601 20213 59124 33862 50970 50514 64827 43430 54503 47192 65235 1928 19155 53993 47897 7834 19101 55633 14657 32960 12991 12568 35831 43033 35035 39716 38124 1387 7191 48640 31359 46684 0 20572 63112 62056 19888 29463 17531 36646 6033 13883 357 15434 18265 16541 34027 49930 36485 2251 41648 47592 51340 27321 54966 2933 47755 24844 30212 37460 35133 35897 52612 1444 56468 50187 63500 10820 14114 15494 47465 20146 29377 47821 35579 47641 64361 4070 32034 35309 6320 8146 17365 57659 35466 6794 60591 17684 31638 25266 55144 1234 61163 42219 2678
52158 30704 37785 33319 47733 65474 63901 37810 14732 4032 39455 63899 48378 42849 36560 3933 64164 10485 2964 56411 19348 62715 37810 51652 16045 42508 24329 29136 7045 45684 53715 36481 20572 0 52094 26869 641 62913 40982 16134 44842 61128 45510 27126 31170 27614 25951 35239 59648 61259 41558 2257 13087 33680 37722 19881 28734 55405 51518 54000 45012 52751 49626 21694 55428 36183 48563 56068 33560 24008 6666 12865 19599 52175 39990 50769 14253 404 20471 8364 61663 62029 10620 9213 30172 48341 29093 58906 38209 15074 47369 17685 2289 31458 39378
14976 35181 60591 34600 43690 2248 19723 4634 39699 76 6897 7820 10932 38138 695 10475 38610 4185 2060 52421 695 61778 50806 28054 42008 56177 31619 11378 47185 32468 11010 22514 63112 52094 0 57716 2104 22404 48248 35663 46412 54913 48527 474 41551 22981 51242 55803 23384 6177 64166 19510 2669 9249 28723 32840 57589 57815 26209 30262 7353 8041 47946 9641 39498 21787 1820 41602 44191 50067 11728 25066 39443 60255 25539 15458 17699 11245 5724 41082 17421 4354 60592 20089 13602 23778 52928 5655 16056 13601 35916 23408 21641 18325 33048
48124 19792 31477 28978 51768 988 36907 2617 25293 49079 65043 64557 4133 41970 41113 43165 37733 43212 50050 54952 11540 10557 51867 3179 17770 5332 5078 63869 26608 23760 41279 8651 62056 26869 57716 0 61139 40111 34868 37204 18765 19398 48931 43830 58841 43649 3833 8762 61347 15077 14485 36893 32497 18838 31948 52585 32440 55725 39976 38094 6244 53576 8473 29652 9681 26797 62699 5283 1371 32030 42486 20136 51428 25880 63965 44732 3993 2261 53493 65339 17337 2441 36695 49833 21279 3106 36881 53718 58830 11321 26275 65074 64896 34747 29189
58787 22806 5362 17736 10144 11730 10724 36369 50955 26191 4549 29905 13820 62170 37008 44402 40155 62241 37961 44496 10918 59246 59801 26173 13979 40707 61163 35712 43444 15622 58728 49967 19888 641 2104 61139 0 9040 61543 26351 14322 62913 58381 56807 17512 44272 17151 15941 23467 21143 18201 11423 20945 35538 13863 57640 19834 35141 60745 56715 23322 54039 2499 49596 53576 1858 18806 17228 10898 14812 43578 25219 12189 36422 16490 29700 15157 33640 45640 38623 54782 63841 50045 10190 33842 63908 2293 53675 33512 63038 44853 56834 51540 47351 40893
39527 26457 14046 4130 4526 7395 35945 24301 57366 60823 30061 23642 64125 58662 28088 40903 59537 64576 8693 23650 5762 47952 56800 3506 5450 11068 26832 15862 12783 61965 10797 49464 29463 62913 22404 40111 9040 0 39579 49209 59699 56806 60106 8974 34847 19788 21162 5733 36277 50862 20889 4380 30965 59512 59161 29269 44020 3815 63110 42391 6107 51249 10367 3608 30565 1664 55147 12380 42556 29189 61588 36718 20458 56157 45692 55305 10408 1317 61037 46685 52178 16389 51064 17607 10364 44689 46875 54384 48503 44449 31238 54609 30161 41604 58217
2854 18204 27139 63615 56940 55935 24811 55624 17010 9909 39405 30315 12707 6317 50324 38037 29738 48441 54453 3747 41280 20148 14417 38077 30453 7481 48629 37950 31567 36298 60613 56339 17531 40982 48248 34868 61543 39579 0 60725 43267 47827 7568 20287 11480 3619 57004 31937 59775 37159 21705 4647 38476 17205 51331 25117 33594 36858 42723 43957 16010 24062 32804 64512 2974 64042 53585 33134 40109 46265 28322 17840 28555 35890 38126 40034 39508 29593 6435 33747 1216 28139 38393 39691 45344 24187 64807 13401 61044 41994 57357 11518 519 24625 10493
21249 19467 2644 18252 63079 18450 14599 51991 3673 47741 37935 8359 721 65426 26959 62751 53501 53583 47167 52154 28552 26967 22808 15603 20809 4750 55980 7569 43440 22132 20185 17442 36646 16134 35663 37204 26351 49209 60725 0 3492 23130 64077 36625 63238 44805 64946 15541 7824 35299 53666 47857 9271 17723 54291 43017 18938 16894 15873 58628 62237 40059 57898 10101 35566 34355 1921 47083 34873 26545 57576 38364 49674 56116 9452 47376 35385 8862 62916 43208 44160 51046 25528 53430 3232 14283 30910 22169 31176 46782 15260 27876 21304 7621 37976
52987 7869 43237 19546 42143 49234 47941 52482 54101 26182 52657 53756 24073 4942 64504 5737 46479 13893 4478 64162 23687 59559 41115 29556 56002 43336 39557 30903 63293 9415 19526 10220 6033 44842 46412 18765 14322 59699 43267 3492 0 56870 41976 39896 38416 11312 905 30455 49676 50578 21035 59127 32417 56419 2452 29797 34090 46612 15306 59617 34505 18537 8363 65415 40705 39538 46660 55964 1877 2428 63584 39852 59297 40023 14212 32176 51335 15116 62631 35474 157 18129 29064 32574 9011 31516 62370 43100 12591 12139 37180 47095 30675 45543 46973
27155 42605 53978 9343 64564 23272 40268 42749 34286 9949 35514 27392 5763 12014 7916 55530 53339 18430 54220 14577 63442 29644 34593 4226 468 401 64908 41608 37419 21981 64879 40878 13883 61128 54913 19398 62913 56806 47827 23130 56870 0 5843 19544 28097 61806 21421 30524 59853 61272 24284 34340 9947 56459 20138 25062 53553 55611 25219 6145 19138 57792 15155 50653 54625 58254 63243 1227 29898 44802 31901 9904 26238 37743 29447 54334 34012 50867 19321 28328 46603 43604 62667 56549 34527 17268 16075 22543 7342 41293 28688 26480 33548 43842 11596
41762 62450 6701 12567 28180 11503 17384 29865 6574 42845 12573 64495 21766 15649 55684 12209 33764 2954 55461 12258 46235 40798 16905 37314 26586 36355 62024 51078 36573 8942 2387 12489 357 45510 48527 48931 58381 60106 7568 64077 41976 5843 0 22636 36560 9303 23862 921 54104 55762 10824 14805 27968 40270 3603 61979 25601 22923 24770 6667 991 21901 63215 35517 39168 13753 58059 46510 55045 21210 7453 23056 65052 19048 45691 36075 28350 4016 36995 16917 59777 47818 31722 22208 22551 35324 18650 48151 58246 43420 54817 59236 65320 52496 29216
4672 49625 14003 3753 45014 59770 46111 59583 738 52517 9223 6545 23777 11926 18591 12813 2804 30421 42946 42268 20859 12065 30595 15323 45384 18980 42671 29134 49026 50469 27573 32831 15434 27126 474 43830 56807 8974 20287 36625 39896 19544 22636 0 38951 712 21739 19924 55757 42948 27376 13276 42463 46424 58967 13001 9237 62982 49995 26154 57223 32276 57875 13894 54827 27662 32544 37441 20371 10427 26722 14071 10210 13681 43286 49160 14392 65024 3548 4612 42436 30923 17888 19362 11810 11318 32363 21047 8763 16821 47200 449 49097 39538 14343
22338 49796 30545 3934 18446 10676 36193 54339 35886 34618 36912 62686 47201 12679 58041 8576 42479 18961 57096 41854 44411 42246 46424 57609 50456 11062 30818 19377 38681 20746 61856 8030 18265 31170 41551 58841 17512 34847 11480 63238 38416 28097 36560 38951 0 38387 1663 46886 10291 22033 57312 37012 36103 1985 50692 13853 51144 65084 13340 54691 4159 55775 20078 22046 9601 31887 33363 41963 52933 42126 58783 34596 42574 42343 8597 56916 15193 10259 38265 25484 32292 30040 62495 2858 32024 47651 16710 17632 47198 30050 6786 51356 20288 26863 7866
55544 10689 1791 14683 49085 55452 2776 50125 49744 3332 20188 1211 19237 26752 46101 54457 3656 30640 56200 52629 23752 50835 35158 12409 36533 23519 10558 894 45837 64855 48151 52474 16541 27614 22981 43649 44272 19788 3619 44805 11312 61806 9303 712 38387 0 29888 58750 41228 6314 46146 17817 65097 15206 60391 41903 23802 51770 57096 34061 24499 17043 816 54538 14001 3673 21026 61651 20383 38657 43312 50432 45442 29132 5183 6769 36997 35071 65518 12688 41384 46127 30505 40944 61332 25359 17311 19598 11592 8870 53658 36090 25912 54473 25092
10105 30757 2570 52832 16891 1646 53726 28010 14802 25765 26118 17629 62256 25010 64270 44493 44387 33366 45112 16976 59235 4541 43114 29949 31381 17513 29578 58674 28069 58247 44939 9194 34027 25951 51242 3833 17151 21162 57004 64946 905 21421 23862 21739 1663 29888 0 39912 58145 46117 36027 12991 19237 13802 63422 64678 42933 3069 5910 14393 38139 5891 27081 13986 52018 57585 54930 47813 17407 6704 1874 28998 15573 55531 65088 41484 44467 24643 15859 37076 5223 51885 50066 24459 151 47952 23600 43083 51020 29510 57476 23622 35400 19020 37607
9782 49559 53133 49179 53592 63160 24087 65125 8755 22051 53508 35185 35852 12445 42229 64806 4989 37154 55873 20662 9943 62668 9217 8897 11841 38265 6117 759 13083 63562 19288 27285 49930 35239 55803 8762 15941 5733 31937 15541 30455 30524 921 19924 46886 58750 39912 0 21881 11068 27000 4158 28474 33703 6031 57471 49275 61562 57022 25222 40492 16128 41081 12031 21350 27429 62097 45808 27579 44512 3872 5126 29995 33381 62601 53616 3244 16084 25686 25125 27151 52686 29282 55624 20852 35312 47558 4591 31337 39044 29812 6293 55171 5356 18323
40905 36161 37472 27170 9406 37671 30544 64619 44860 48838 42984 54520 16775 47018 40181 59119 32647 24669 55610 56244 27677 12050 14909 21575 56309 11228 48726 60947 3568 9320 52103 3761 36485 59648 23384 61347 23467 36277 59775 7824 49676 59853 54104 55757 10291 41228 58145 21881 0 10985 32785 14883 56792 60363 59394 60663 65488 23852 28507 62552 11931 31751 13099 37617 56875 40249 24766 20620 30336 45617 55931 12358 50207 21732 51401 14483 28024 41035 19838 46346 52019 52622 61229 43275 47449 55086 38401 47400 13402 1372 44416 25332 33122 57514 62948
46457 63258 45096 23307 10607 55020 15924 3873 60622 45747 63987 59408 38752 42782 1566 10817 50629 21357 1072 6487 11602 6552 50598 22868 2027 55926 39648 16132 32261 25991 42374 15167 2251 61259 6177 15077 21143 50862 37159 35299 50578 61272 55762 42948 22033 6314 46117 11068 10985 0 24460 32227 22177 45079 62562 2258 35473 9383 52464 57204 60783 1410 19691 36282 21248 501 22764 8333 61729 502 55781 51278 38903 37645 64679 40274 16524 24475 7859 8501 21886 32318 40727 44063 11860 37753 46320 47332 47135 33247 39000 42382 34657 58690 13127
41269 17625 53927 51477 22571 1008 59402 45763 12475 44359 29713 63081 45611 24017 19140 64619 49571 46082 61034 31192 36727 43858 62323 64484 8914 15167 37380 58847 44052 23725 29611 25589 41648 41558 64166 14485 18201 20889 21705 53666 21035 24284 10824 27376 57312 46146 36027 27000 32785 24460 0 55904 59190 35890 64236 55382 36392 54481 41124 9758 26589 40266 50031 43112 64740 57889 51612 21090 24670 26803 65152 36529 64555 45935 18324 46153 13645 57323 22998 48301 50477 36124 38668 44130 6478 37368 33976 42869 26312 9563 52626 52900 49828 37120 30475
47755 55548 297 29587 1847 11750 36798 10585 46260 49029 58270 63326 2600 11632 44240 54281 34064 22773 57875 26064 25433 57628 32282 4367 17741 8027 31309 38676 19624 45606 44587 56700 47592 2257 19510 36893 11423 4380 4647 47857 59127 34340 14805 13276 37012 17817 12991 4158 14883 32227 55904 0 49032 29472 16550 4585 54141 43352 4200 25133 42370 50134 43456 22987 63778 35243 45984 46543 20183 16572 19674 64312 23049 57041 32751 381 17816 42313 53006 5179 26605 24589 35653 10100 54060 52203 14684 42664 30018 18883 2260 6852 3480 45715 29838
39259 55314 522 34639 49466 32687 61401 40897 57250 17276 44276 13380 46194 23777 26976 27645 62433 34547 19573 12859 65442 31090 25254 14439 21095 49330 3614 14004 25503 52893 36118 15330 51340 13087 2669 32497 20945 30965 38476 9271 32417 9947 27968 42463 36103 65097 19237 28474 56792 22177 59190 49032 0 1721 15421 10285 48263 35603 26856 2401 34379 49904 59441 1593 50284 11721 43906 37753 16899 4974 62341 52552 15073 50864 39218 29756 27991 3699 48638 30250 10550 52117 10429 40387 53837 25849 50672 36564 61452 11991 38964 30294 61895 32868 31886
61548 15541 22705 11125 42397 31432 48736 20339 9521 20211 146 24524 9900 53158 59251 34973 17651 39746 3747 57959 46110 5165 21700 4170 22889 9389 44701 25150 48419 54069 59727 59491 27321 33680 9249 18838 35538 59512 17205 17723 56419 56459 40270 46424 1985 15206 13802 33703 60363 45079 35890 29472 1721 0 46642 44588 10255 18859 61487 15228 15663 48502 30300 991 22183 60055 28981 25881 43156 59231 36431 29736 4123 11281 18037 29971 61952 54600 25886 8407 28027 56179 4765 60894 22529 51406 39946 32783 4728 35896 48011 20391 18861 12774 21381
56232 59547 36878 22456 55995 260 11020 49640 53534 18706 3841 64542 48792 7894 4756 38910 5123 54689 62036 51 6437 57191 18921 62151 16544 24099 58991 56568 26287 61845 35598 61803 54966 37722 28723 31948 13863 59161 51331 54291 2452 20138 3603 58967 50692 60391 63422 6031 59394 62562 64236 16550 15421 46642 0 41043 7293 50361 1387 50448 44055 37817 14648 48177 49098 32684 12612 45513 21747 38497 53919 49773 29140 58683 45130 51668 44553 19539 18914 49280 55434 1388 4134 8758 14162 25514 49800 21454 10339 51187 6365 54393 23467 21012 37034
36281 43204 59466 43998 37036 2031 60092 23933 3769 14642 58284 30806 16194 57309 25078 37355 19999 60901 17983 44784 3107 24158 28860 42469 545 23163 11170 58325 59158 19793 17700 33577 2933 19881 32840 52585 57640 29269 25117 43017 29797 25062 61979 13001 13853 41903 64678 57471 60663 2258 55382 4585 10285 44588 41043 0 7028 53695 49645 52541 9905 22605 40923 59677 51744 34070 39271 37875 13086 58809 56789 62365 48707 58176 963 57464 6801 26476 41728 28254 36814 27378 34619 25671 50844 55630 62704 57872 43789 46812 44876 53693 3880 20262 47834
47221 24993 2670 30535 58658 7291 3838 48254 3764 60004 52392 11167 61003 15996 43417 31552 30296 64624 3131 24343 61743 23041 28977 9830 39881 55966 48749 54587 4645 64064 18084 34763 47755 28734 57589 32440 19834 44020 33594 18938 34090 53553 25601 9237 51144 23802 42933 49275 65488 35473 36392 54141 48263 10255 7293 7028 0 55624 54331 21568 27962 1880 14840 19214 64245 63546 11854 65207 55474 18654 26146 31665 46908 62960 59042 15990 23094 44349 6083 20261 36684 49871 1536 16023 38028 5415 36285 20325 61038 25079 41892 23464 26959 56731 42677
37801 20421 41135 65241 63233 45597 51433 21973 46907 18489 59605 46139 41906 55040 65478 31597 23566 42684 16448 25370 39970 16500 34071 50186 15235 9952 40415 38935 45489 53376 6906 28041 24844 55405 57815 55725 35141 3815 36858 16894 46612 55611 22923 62982 65084 51770 3069 61562 23852 9383 54481 43352 35603 18859 50361 53695 55624 0 25667 54741 54530 25337 44678 7648 51482 10806 54555 48905 4311 5008 6462 48659 11090 26722 19807 60961 28257 35829 33452 33672 6577 53776 29173 31656 30131 52636 58614 21325 29777 18744 10529 18770 44080 55206 26417
19458 46385 45739 54053 17314 19044 43428 14381 41835 50320 20686 23596 49473 9023 22622 32453 1675 3110 14732 41204 7821 27034 43830 35688 9091 19434 39287 56144 5536 59313 26671 10151 30212 51518 26209 39976 60745 63110 42723 15873 15306 25219 24770 49995 13340 57096 5910 57022 28507 52464 41124 4200 26856 61487 1387 49645 54331 25667 0 30025 475 15435 13394 4785 20442 19855 53444 31532 46577 7714 26956 9297 43542 60407 42968 50119 48646 6605 16238 13240 59240 9315 34564 23480 28058 45093 42250 6601 34762 3130 36625 35237 18565 50018 40021
175 46154 40205 19771 36351 31156 56039 47171 36101 13388 34201 21461 56829 13918 62182 34920 30543 57982 62139 50100 16715 60501 38765 7193 20528 41594 40163 40414 45189 45833 23865 34807 37460 54000 30262 38094 56715 42391 43957 58628 59617 6145 6667 26154 54691 34061 14393 25222 62552 57204 9758 25133 2401 15228 50448 52541 21568 54741 30025 0 39006 4337 27928 5001 50913 35641 31956 60209 13647 26826 37641 63765 9935 44245 14466 23174 37948 23780 57738 61428 51837 37294 38141 58437 6519 41270 29525 41755 59834 14007 16240 33304 18343 44167 38304
33330 37035 59221 7072 23265 9811 28995 4138 46718 40092 12448 37828 41351 38774 42244 31075 12779 29235 17067 26409 9537 24777 39163 48423 17321 45100 46449 17396 40829 27389 24774 40412 35133 45012 7353 6244 23322 6107 16010 62237 34505 19138 991 57223 4159 24499 38139 40492 11931 60783 26589 42370 34379 15663 44055 9905 27962 54530 475 39006 0 3719 14272 4724 63927 27918 31549 36031 26146 41484 14739 40611 64657 52687 64390 56858 48578 50690 28615 21182 43590 35134 62451 7578 11352 56749 21584 27591 24516 39926 6222 62819 43644 20493 2006
3440 2761 61912 39471 44352 15888 18701 6796 24480 2757 14293 50020 12503 48744 1090 55167 51955 61437 28780 45064 26305 37624 64188 16903 19274 43590 63135 12540 7084 47425 46134 43942 35897 52751 8041 53576 54039 51249 24062 40059 18537 57792 21901 32276 55775 17043 5891 16128 31751 1410 40266 50134 49904 48502 37817 22605 1880 25337 15435 4337 3719 0 42035 48410 33555 12529 9019 9502 27268 49629 8622 14418 48482 65480 62995 33635 28558 18640 11688 63691 15554 19265 9507 6766 40849 37097 31281 15238 43318 28564 58882 63810 30569 35380 46683
13721 27209 7000 38053 60784 54805 54327 20927 64928 64968 31321 34144 60705 26998 27255 19722 17663 64208 14803 61252 18828 32709 15171 37372 45966 62263 30012 43795 37310 46560 57217 25447 52612 49626 47946 8473 2499 10367 32804 57898 8363 15155 63215 57875 20078 816 27081 41081 13099 19691 50031 43456 59441 30300 14648 40923 14840 44678 13394 27928 14272 42035 0 64123 47908 55701 8088 9639 39793 16710 24056 22738 16653 21514 56372 45210 40153 2523 43365 55707 21788 52871 62472 62636 24431 28217 12337 2213 56780 5682 486 21812 41061 47169 20399
13394 57248 52808 40933 8698 60324 28285 47567 35684 21747 12147 39756 60505 27230 24604 38908 31880 19331 31724 59368 22527 37344 9457 25919 52355 19279 19036 18782 48019 10493 56132 21559 1444 21694 9641 29652 49596 3608 64512 10101 65415 50653 35517 13894 22046 54538 13986 12031 37617 36282 43112 22987 1593 991 48177 59677 19214 7648 4785 5001 4724 48410 64123 0 23433 37333 28486 33071 11590 45195 57127 34327 61847 13104 25163 41521 53257 27685 19349 43427 49472 6683 40362 46571 31113 3042 58908 33325 59821 64589 33811 16097 40114 15443 36495
55597 33464 34160 7253 26549 15825 17065 44606 39211 6788 53748 48382 60881 26057 37649 59099 50582 6385 31743 35938 45653 34802 36461 3018 35318 20562 21927 41675 14129 27572 34313 14887 56468 55428 39498 9681 53576 30565 2974 35566 40705 54625 39168 54827 9601 14001 52018 21350 56875 21248 64740 63778 50284 22183 49098 51744 64245 51482 20442 50913 63927 33555 47908 23433 0 63546 52775 64980 31080 64364 44639 22670 33155 40949 35774 58317 16933 23494 20465 36281 1384 4401 42963 41745 50971 8540 44787 44342 41864 39071 43395 10138 55167 17972 25580
28696 62389 2054 7117 38937 57052 8514 25560 39091 65043 38217 41963 6100 65135 27950 30196 56272 2856 16862 48137 19522 28950 440 65425 22438 52904 61631 55172 18959 13492 2690 47961 50187 36183 21787 26797 1858 1664 64042 34355 39538 58254 13753 27662 31887 3673 57585 27429 40249 501 57889 35243 11721 60055 32684 34070 63546 10806 19855 35641 27918 12529 55701 37333 63546 0 26125 15981 12819 25569 47060 11646 4671 4194 44800 45619 39967 37580 62552 63460 58045 33296 64843 62445 10723 41051 47879 19262 20301 26685 61125 59372 4543 5727 49002
61517 11503 18749 4375 60466 61312 65191 50183 60977 5290 11653 38776 64637 3663 181 16536 4076 62542 16237 48784 34066 47901 61323 29097 4589 24610 24113 17115 9091 34252 31874 30209 63500 48563 1820 62699 18806 55147 53585 1921 46660 63243 58059 32544 33363 21026 54930 62097 24766 22764 51612 45984 43906 28981 12612 39271 11854 54555 53444 31956 31549 9019 8088 28486 52775 26125 0 22514 31306 9591 38494 44124 35159 20017 55770 39829 24210 35033 19911 64176 7077 16926 62099 65121 50222 61405 62029 60944 36920 44371 14669 57220 5519 10257 51055
48848 56269 39521 24988 36692 27554 27788 15438 24629 32978 58296 12750 9164 22690 9120 37964 25200 3089 4167 14897 56570 28512 30725 29191 49296 61268 17554 11850 57572 43193 27504 64853 10820 56068 41602 5283 17228 12380 33134 47083 55964 1227 46510 37441 41963 61651 47813 45808 20620 8333 21090 46543 37753 25881 45513 37875 65207 48905 31532 60209 36031 9502 9639 33071 64980 15981 22514 0 10061 15983 34521 32574 47289 44111 5531 25876 13733 25548 16109 53561 49757 51142 7935 48397 58218 24861 44959 57802 9546 40828 54294 4953 12211 33128 19621
2687 23309 16100 11246 43462 64447 44458 49861 30920 60330 2742 68 4688 58260 56037 5563 50272 1896 25554 6250 25283 11366 57239 3395 27887 63971 22926 5497 31741 9920 13487 31888 14114 33560 44191 1371 10898 42556 40109 34873 1877 29898 55045 20371 52933 20383 17407 27579 30336 61729 24670 20183 16899 43156 21747 13086 55474 4311 46577 13647 26146 27268 39793 11590 31080 12819 31306 10061 0 3894 38647 29877 54949 48707 45860 23933 15745 27612 2507 21275 53487 16239 46822 4060 4263 31043 55201 12197 13903 47882 37057 58861 40147 46602 34152
64371 29706 45887 2453 51869 51710 24465 40270 12450 15198 51057 3554 11807 9980 50504 54572 33813 45446 5154 52530 9809 2512 10203 1637 35041 32090 7205 55064 40657 5014 26950 21012 15494 24008 50067 32030 14812 29189 46265 26545 2428 44802 21210 10427 42126 38657 6704 44512 45617 502 26803 16572 4974 59231 38497 58809 18654 5008 7714 26826 41484 49629 16710 45195 64364 25569 9591 15983 3894 0 28904 51554 46362 62031 5638 50256 35141 35515 39668 18312 15838 63600 34056 43449 570 55330 31399 16808 36616 35458 21070 2122 25122 33266 16024
4560 10200 42164 43239 34234 46004 42387 1892 28302 15182 30695 21109 9884 22579 36078 35178 13165 56671 51333 1514 19585 55478 53533 44793 4568 481 7997 19418 35475 65324 47689 16759 47465 6666 11728 42486 43578 61588 28322 57576 63584 31901 7453 26722 58783 43312 1874 3872 55931 55781 65152 19674 62341 36431 53919 56789 26146 6462 26956 37641 14739 8622 24056 57127 44639 47060 38494 34521 38647 28904 0 7467 4787 9348 47613 51388 43500 10980 37406 24325 7475 43043 9044 42615 13021 48711 60926 28858 46774 29445 6770 47343 19239 38169 64150
55673 31177 59336 30791 20068 48144 26862 36806 19484 20975 55398 53823 28761 63201 55004 11299 31214 15788 30031 4875 48969 5388 32817 32950 18352 41770 62483 36399 29498 19335 33012 42107 20146 12865 25066 20136 25219 36718 17840 38364 39852 9904 23056 14071 34596 50432 28998 5126 12358 51278 36529 64312 52552 29736 49773 62365 31665 48659 9297 63765 40611 14418 22738 34327 22670 11646 44124 32574 29877 51554 7467 0 55854 8090 19683 57975 33212 52949 8462 40678 57735 17809 22755 43586 61308 33734 15455 20097 41208 58498 29140 18287 5982 12315 13676
